     x1=0.290476
     x2=19.690476
     x3=1.085714
