     x1=-35.000000
     x2=-22.000000
     x3=5.000000
